   1.3900000e+02   7.7000000e+01   2.4714706e+00
   1.4200000e+02   1.2700000e+02  -3.1052450e+00
   9.8000000e+01   7.0000000e+01  -4.4159236e-01
   6.0000000e+01   7.2000000e+01  -5.4491456e-02
   5.5000000e+01   1.0800000e+02  -2.9971511e+00
   1.3400000e+02   1.2100000e+02  -2.9617392e+00
   1.1300000e+02   8.5000000e+01  -3.8050638e-01
   1.2700000e+02   9.3000000e+01  -3.6347621e-02
   1.2600000e+02   1.1900000e+02  -3.0329314e+00
   1.5700000e+02   9.8000000e+01  -5.5368132e-01
   1.5300000e+02   1.3000000e+02  -2.8753406e+00
   7.6000000e+01   1.2400000e+02  -3.0509328e+00
   5.3000000e+01   1.1800000e+02  -1.2659213e-01
   2.4300000e+02   1.3000000e+02  -1.3734008e+00
   3.2000000e+01   1.4100000e+02  -2.9267773e+00
   2.3400000e+02   1.2500000e+02   1.7681919e+00
   1.3600000e+02   1.4200000e+02  -2.8753406e+00
   1.5000000e+02   1.3000000e+02   3.9608144e-01
   8.4000000e+01   1.3200000e+02   2.3210384e-01
   9.1000000e+01   1.5600000e+02  -2.8418166e+00
   1.7500000e+02   1.7500000e+02  -2.1875976e+00
   3.0000000e+01   1.4500000e+02   4.0489179e-01
   6.5000000e+01   1.4600000e+02   3.4877100e-01
   1.3600000e+02   1.9600000e+02  -2.7301364e+00
   1.4400000e+02   1.5800000e+02   7.1027101e-01
   1.0900000e+02   1.7900000e+02  -2.7301364e+00
   1.8800000e+02   1.8400000e+02   9.5399510e-01
   8.4000000e+01   2.0400000e+02  -2.6563657e+00
   1.1400000e+02   1.8800000e+02   2.4925214e-01
   1.2400000e+02   2.0700000e+02  -2.4558631e+00
   1.2400000e+02   1.9200000e+02   5.5368132e-01
   1.3700000e+02   2.0700000e+02  -2.1538729e+00
   2.2500000e+02   1.3300000e+02  -2.4867606e+00
   2.2700000e+02   1.3300000e+02   1.9061207e+00
   2.2700000e+02   1.3500000e+02   1.0040671e+00
   1.3900000e+02   7.7000000e+01   1.0000000e+00
   1.4000000e+02   7.6000000e+01   1.0000000e+00
   1.4000000e+02   7.5000000e+01   1.0000000e+00
   1.4100000e+02   7.4000000e+01   1.0000000e+00
   1.4200000e+02   7.3000000e+01   1.0000000e+00
   1.4300000e+02   7.2000000e+01   1.0000000e+00
   1.4400000e+02   7.1000000e+01   1.0000000e+00
   1.4400000e+02   7.0000000e+01   1.0000000e+00
   1.4500000e+02   6.9000000e+01   1.0000000e+00
   1.4600000e+02   6.9000000e+01   1.0000000e+00
   1.4700000e+02   6.8000000e+01   1.0000000e+00
   1.4200000e+02   1.2700000e+02   2.0000000e+00
   1.4200000e+02   1.2600000e+02   2.0000000e+00
   1.4200000e+02   1.2500000e+02   2.0000000e+00
   1.4200000e+02   1.2400000e+02   2.0000000e+00
   1.4200000e+02   1.2300000e+02   2.0000000e+00
   1.4200000e+02   1.2200000e+02   2.0000000e+00
   1.4200000e+02   1.2100000e+02   2.0000000e+00
   1.4200000e+02   1.2000000e+02   2.0000000e+00
   1.4200000e+02   1.1900000e+02   2.0000000e+00
   1.4100000e+02   1.1800000e+02   2.0000000e+00
   1.4100000e+02   1.1700000e+02   2.0000000e+00
   9.8000000e+01   7.0000000e+01   3.0000000e+00
   9.7000000e+01   7.1000000e+01   3.0000000e+00
   9.7000000e+01   7.2000000e+01   3.0000000e+00
   9.6000000e+01   7.3000000e+01   3.0000000e+00
   9.6000000e+01   7.4000000e+01   3.0000000e+00
   9.6000000e+01   7.5000000e+01   3.0000000e+00
   9.5000000e+01   7.6000000e+01   3.0000000e+00
   9.5000000e+01   7.7000000e+01   3.0000000e+00
   9.4000000e+01   7.8000000e+01   3.0000000e+00
   9.4000000e+01   7.9000000e+01   3.0000000e+00
   9.4000000e+01   8.0000000e+01   3.0000000e+00
   6.0000000e+01   7.2000000e+01   4.0000000e+00
   6.0000000e+01   7.3000000e+01   4.0000000e+00
   6.0000000e+01   7.4000000e+01   4.0000000e+00
   6.0000000e+01   7.5000000e+01   4.0000000e+00
   6.0000000e+01   7.6000000e+01   4.0000000e+00
   6.0000000e+01   7.7000000e+01   4.0000000e+00
   6.0000000e+01   7.8000000e+01   4.0000000e+00
   6.0000000e+01   7.9000000e+01   4.0000000e+00
   5.9000000e+01   8.0000000e+01   4.0000000e+00
   5.9000000e+01   8.1000000e+01   4.0000000e+00
   5.9000000e+01   8.2000000e+01   4.0000000e+00
   5.5000000e+01   1.0800000e+02   5.0000000e+00
   5.4000000e+01   1.0700000e+02   5.0000000e+00
   5.4000000e+01   1.0600000e+02   5.0000000e+00
   5.4000000e+01   1.0500000e+02   5.0000000e+00
   5.4000000e+01   1.0400000e+02   5.0000000e+00
   5.4000000e+01   1.0300000e+02   5.0000000e+00
   5.4000000e+01   1.0200000e+02   5.0000000e+00
   5.4000000e+01   1.0100000e+02   5.0000000e+00
   5.4000000e+01   1.0000000e+02   5.0000000e+00
   5.5000000e+01   9.9000000e+01   5.0000000e+00
   5.5000000e+01   9.8000000e+01   5.0000000e+00
   1.3400000e+02   1.2100000e+02   6.0000000e+00
   1.3300000e+02   1.2000000e+02   6.0000000e+00
   1.3300000e+02   1.1900000e+02   6.0000000e+00
   1.3300000e+02   1.1800000e+02   6.0000000e+00
   1.3300000e+02   1.1700000e+02   6.0000000e+00
   1.3300000e+02   1.1600000e+02   6.0000000e+00
   1.3300000e+02   1.1500000e+02   6.0000000e+00
   1.3300000e+02   1.1400000e+02   6.0000000e+00
   1.3300000e+02   1.1300000e+02   6.0000000e+00
   1.3300000e+02   1.1200000e+02   6.0000000e+00
   1.3300000e+02   1.1100000e+02   6.0000000e+00
   1.1300000e+02   8.5000000e+01   7.0000000e+00
   1.1300000e+02   8.6000000e+01   7.0000000e+00
   1.1200000e+02   8.7000000e+01   7.0000000e+00
   1.1200000e+02   8.8000000e+01   7.0000000e+00
   1.1200000e+02   8.9000000e+01   7.0000000e+00
   1.1100000e+02   9.0000000e+01   7.0000000e+00
   1.1000000e+02   9.1000000e+01   7.0000000e+00
   1.1000000e+02   9.2000000e+01   7.0000000e+00
   1.1000000e+02   9.3000000e+01   7.0000000e+00
   1.0900000e+02   9.4000000e+01   7.0000000e+00
   1.0900000e+02   9.5000000e+01   7.0000000e+00
   1.2700000e+02   9.3000000e+01   8.0000000e+00
   1.2700000e+02   9.4000000e+01   8.0000000e+00
   1.2700000e+02   9.5000000e+01   8.0000000e+00
   1.2700000e+02   9.6000000e+01   8.0000000e+00
   1.2700000e+02   9.7000000e+01   8.0000000e+00
   1.2600000e+02   9.8000000e+01   8.0000000e+00
   1.2700000e+02   9.9000000e+01   8.0000000e+00
   1.2700000e+02   1.0000000e+02   8.0000000e+00
   1.2700000e+02   1.0100000e+02   8.0000000e+00
   1.2700000e+02   1.0200000e+02   8.0000000e+00
   1.2600000e+02   1.0300000e+02   8.0000000e+00
   1.2600000e+02   1.1900000e+02   9.0000000e+00
   1.2600000e+02   1.1800000e+02   9.0000000e+00
   1.2600000e+02   1.1700000e+02   9.0000000e+00
   1.2500000e+02   1.1600000e+02   9.0000000e+00
   1.2500000e+02   1.1500000e+02   9.0000000e+00
   1.2500000e+02   1.1400000e+02   9.0000000e+00
   1.2500000e+02   1.1300000e+02   9.0000000e+00
   1.2500000e+02   1.1200000e+02   9.0000000e+00
   1.2500000e+02   1.1100000e+02   9.0000000e+00
   1.2600000e+02   1.1000000e+02   9.0000000e+00
   1.2600000e+02   1.0900000e+02   9.0000000e+00
   1.5700000e+02   9.8000000e+01   1.0000000e+01
   1.5600000e+02   9.9000000e+01   1.0000000e+01
   1.5500000e+02   1.0000000e+02   1.0000000e+01
   1.5400000e+02   1.0100000e+02   1.0000000e+01
   1.5400000e+02   1.0200000e+02   1.0000000e+01
   1.5400000e+02   1.0300000e+02   1.0000000e+01
   1.5300000e+02   1.0400000e+02   1.0000000e+01
   1.5300000e+02   1.0500000e+02   1.0000000e+01
   1.5300000e+02   1.0600000e+02   1.0000000e+01
   1.5200000e+02   1.0700000e+02   1.0000000e+01
   1.5200000e+02   1.0800000e+02   1.0000000e+01
   1.5300000e+02   1.3000000e+02   1.1000000e+01
   1.5300000e+02   1.2900000e+02   1.1000000e+01
   1.5200000e+02   1.2800000e+02   1.1000000e+01
   1.5200000e+02   1.2700000e+02   1.1000000e+01
   1.5200000e+02   1.2600000e+02   1.1000000e+01
   1.5100000e+02   1.2500000e+02   1.1000000e+01
   1.5100000e+02   1.2400000e+02   1.1000000e+01
   1.5100000e+02   1.2300000e+02   1.1000000e+01
   1.5100000e+02   1.2200000e+02   1.1000000e+01
   1.5100000e+02   1.2100000e+02   1.1000000e+01
   1.5100000e+02   1.2000000e+02   1.1000000e+01
   7.6000000e+01   1.2400000e+02   1.2000000e+01
   7.6000000e+01   1.2300000e+02   1.2000000e+01
   7.5000000e+01   1.2200000e+02   1.2000000e+01
   7.5000000e+01   1.2100000e+02   1.2000000e+01
   7.5000000e+01   1.2000000e+02   1.2000000e+01
   7.6000000e+01   1.1900000e+02   1.2000000e+01
   7.5000000e+01   1.1800000e+02   1.2000000e+01
   7.5000000e+01   1.1700000e+02   1.2000000e+01
   7.6000000e+01   1.1600000e+02   1.2000000e+01
   7.6000000e+01   1.1500000e+02   1.2000000e+01
   7.6000000e+01   1.1400000e+02   1.2000000e+01
   5.3000000e+01   1.1800000e+02   1.3000000e+01
   5.3000000e+01   1.1900000e+02   1.3000000e+01
   5.2000000e+01   1.2000000e+02   1.3000000e+01
   5.2000000e+01   1.2100000e+02   1.3000000e+01
   5.2000000e+01   1.2200000e+02   1.3000000e+01
   5.2000000e+01   1.2300000e+02   1.3000000e+01
   5.2000000e+01   1.2400000e+02   1.3000000e+01
   5.2000000e+01   1.2500000e+02   1.3000000e+01
   5.2000000e+01   1.2600000e+02   1.3000000e+01
   5.3000000e+01   1.2700000e+02   1.3000000e+01
   5.3000000e+01   1.2800000e+02   1.3000000e+01
   2.4300000e+02   1.3000000e+02   1.4000000e+01
   2.4200000e+02   1.3000000e+02   1.4000000e+01
   2.4100000e+02   1.3000000e+02   1.4000000e+01
   2.4000000e+02   1.3100000e+02   1.4000000e+01
   2.3900000e+02   1.3100000e+02   1.4000000e+01
   2.3800000e+02   1.3100000e+02   1.4000000e+01
   2.3700000e+02   1.3200000e+02   1.4000000e+01
   2.3600000e+02   1.3100000e+02   1.4000000e+01
   2.3500000e+02   1.3100000e+02   1.4000000e+01
   2.3400000e+02   1.3200000e+02   1.4000000e+01
   2.3300000e+02   1.3200000e+02   1.4000000e+01
   3.2000000e+01   1.4100000e+02   1.5000000e+01
   3.2000000e+01   1.4000000e+02   1.5000000e+01
   3.2000000e+01   1.3900000e+02   1.5000000e+01
   3.1000000e+01   1.3800000e+02   1.5000000e+01
   3.1000000e+01   1.3700000e+02   1.5000000e+01
   3.1000000e+01   1.3600000e+02   1.5000000e+01
   3.1000000e+01   1.3500000e+02   1.5000000e+01
   3.1000000e+01   1.3400000e+02   1.5000000e+01
   3.0000000e+01   1.3300000e+02   1.5000000e+01
   3.0000000e+01   1.3200000e+02   1.5000000e+01
   2.9000000e+01   1.3100000e+02   1.5000000e+01
   2.3400000e+02   1.2500000e+02   1.6000000e+01
   2.3500000e+02   1.2500000e+02   1.6000000e+01
   2.3600000e+02   1.2500000e+02   1.6000000e+01
   2.3700000e+02   1.2500000e+02   1.6000000e+01
   2.3800000e+02   1.2400000e+02   1.6000000e+01
   2.3900000e+02   1.2400000e+02   1.6000000e+01
   2.4000000e+02   1.2400000e+02   1.6000000e+01
   2.4100000e+02   1.2300000e+02   1.6000000e+01
   2.4200000e+02   1.2300000e+02   1.6000000e+01
   2.4300000e+02   1.2300000e+02   1.6000000e+01
   2.4400000e+02   1.2300000e+02   1.6000000e+01
   1.3600000e+02   1.4200000e+02   1.7000000e+01
   1.3600000e+02   1.4100000e+02   1.7000000e+01
   1.3500000e+02   1.4000000e+02   1.7000000e+01
   1.3500000e+02   1.3900000e+02   1.7000000e+01
   1.3600000e+02   1.3800000e+02   1.7000000e+01
   1.3500000e+02   1.3700000e+02   1.7000000e+01
   1.3500000e+02   1.3600000e+02   1.7000000e+01
   1.3400000e+02   1.3500000e+02   1.7000000e+01
   1.3300000e+02   1.3400000e+02   1.7000000e+01
   1.3300000e+02   1.3300000e+02   1.7000000e+01
   1.3300000e+02   1.3200000e+02   1.7000000e+01
   1.5000000e+02   1.3000000e+02   1.8000000e+01
   1.5100000e+02   1.3100000e+02   1.8000000e+01
   1.5100000e+02   1.3200000e+02   1.8000000e+01
   1.5100000e+02   1.3300000e+02   1.8000000e+01
   1.5100000e+02   1.3400000e+02   1.8000000e+01
   1.5200000e+02   1.3500000e+02   1.8000000e+01
   1.5200000e+02   1.3600000e+02   1.8000000e+01
   1.5300000e+02   1.3700000e+02   1.8000000e+01
   1.5300000e+02   1.3800000e+02   1.8000000e+01
   1.5400000e+02   1.3900000e+02   1.8000000e+01
   1.5500000e+02   1.4000000e+02   1.8000000e+01
   8.4000000e+01   1.3200000e+02   1.9000000e+01
   8.4000000e+01   1.3300000e+02   1.9000000e+01
   8.5000000e+01   1.3400000e+02   1.9000000e+01
   8.5000000e+01   1.3500000e+02   1.9000000e+01
   8.5000000e+01   1.3600000e+02   1.9000000e+01
   8.5000000e+01   1.3700000e+02   1.9000000e+01
   8.5000000e+01   1.3800000e+02   1.9000000e+01
   8.5000000e+01   1.3900000e+02   1.9000000e+01
   8.6000000e+01   1.4000000e+02   1.9000000e+01
   8.6000000e+01   1.4100000e+02   1.9000000e+01
   8.7000000e+01   1.4200000e+02   1.9000000e+01
   9.1000000e+01   1.5600000e+02   2.0000000e+01
   9.1000000e+01   1.5500000e+02   2.0000000e+01
   9.1000000e+01   1.5400000e+02   2.0000000e+01
   9.1000000e+01   1.5300000e+02   2.0000000e+01
   9.0000000e+01   1.5200000e+02   2.0000000e+01
   8.9000000e+01   1.5100000e+02   2.0000000e+01
   8.9000000e+01   1.5000000e+02   2.0000000e+01
   8.8000000e+01   1.4900000e+02   2.0000000e+01
   8.8000000e+01   1.4800000e+02   2.0000000e+01
   8.8000000e+01   1.4700000e+02   2.0000000e+01
   8.8000000e+01   1.4600000e+02   2.0000000e+01
   1.7500000e+02   1.7500000e+02   2.1000000e+01
   1.7400000e+02   1.7500000e+02   2.1000000e+01
   1.7300000e+02   1.7400000e+02   2.1000000e+01
   1.7200000e+02   1.7300000e+02   2.1000000e+01
   1.7100000e+02   1.7200000e+02   2.1000000e+01
   1.7000000e+02   1.7200000e+02   2.1000000e+01
   1.6900000e+02   1.7100000e+02   2.1000000e+01
   1.6800000e+02   1.7000000e+02   2.1000000e+01
   1.6700000e+02   1.6900000e+02   2.1000000e+01
   1.6600000e+02   1.6800000e+02   2.1000000e+01
   1.6500000e+02   1.6700000e+02   2.1000000e+01
   3.0000000e+01   1.4500000e+02   2.2000000e+01
   3.1000000e+01   1.4400000e+02   2.2000000e+01
   3.2000000e+01   1.4500000e+02   2.2000000e+01
   3.3000000e+01   1.4600000e+02   2.2000000e+01
   3.3000000e+01   1.4700000e+02   2.2000000e+01
   3.3000000e+01   1.4800000e+02   2.2000000e+01
   3.2000000e+01   1.4900000e+02   2.2000000e+01
   3.1000000e+01   1.5000000e+02   2.2000000e+01
   3.0000000e+01   1.5100000e+02   2.2000000e+01
   3.0000000e+01   1.5200000e+02   2.2000000e+01
   3.0000000e+01   1.5300000e+02   2.2000000e+01
   6.5000000e+01   1.4600000e+02   2.3000000e+01
   6.6000000e+01   1.4700000e+02   2.3000000e+01
   6.6000000e+01   1.4800000e+02   2.3000000e+01
   6.6000000e+01   1.4900000e+02   2.3000000e+01
   6.6000000e+01   1.5000000e+02   2.3000000e+01
   6.7000000e+01   1.5100000e+02   2.3000000e+01
   6.7000000e+01   1.5200000e+02   2.3000000e+01
   6.8000000e+01   1.5300000e+02   2.3000000e+01
   6.8000000e+01   1.5400000e+02   2.3000000e+01
   6.8000000e+01   1.5500000e+02   2.3000000e+01
   6.8000000e+01   1.5600000e+02   2.3000000e+01
   1.3600000e+02   1.9600000e+02   2.4000000e+01
   1.3600000e+02   1.9500000e+02   2.4000000e+01
   1.3600000e+02   1.9400000e+02   2.4000000e+01
   1.3600000e+02   1.9300000e+02   2.4000000e+01
   1.3500000e+02   1.9200000e+02   2.4000000e+01
   1.3400000e+02   1.9100000e+02   2.4000000e+01
   1.3300000e+02   1.9000000e+02   2.4000000e+01
   1.3200000e+02   1.8900000e+02   2.4000000e+01
   1.3200000e+02   1.8800000e+02   2.4000000e+01
   1.3100000e+02   1.8700000e+02   2.4000000e+01
   1.3100000e+02   1.8600000e+02   2.4000000e+01
   1.4400000e+02   1.5800000e+02   2.5000000e+01
   1.4500000e+02   1.5900000e+02   2.5000000e+01
   1.4600000e+02   1.6000000e+02   2.5000000e+01
   1.4600000e+02   1.6100000e+02   2.5000000e+01
   1.4700000e+02   1.6200000e+02   2.5000000e+01
   1.4800000e+02   1.6300000e+02   2.5000000e+01
   1.4900000e+02   1.6300000e+02   2.5000000e+01
   1.5000000e+02   1.6400000e+02   2.5000000e+01
   1.5000000e+02   1.6500000e+02   2.5000000e+01
   1.5100000e+02   1.6600000e+02   2.5000000e+01
   1.5100000e+02   1.6700000e+02   2.5000000e+01
   1.0900000e+02   1.7900000e+02   2.6000000e+01
   1.0800000e+02   1.7800000e+02   2.6000000e+01
   1.0800000e+02   1.7700000e+02   2.6000000e+01
   1.0800000e+02   1.7600000e+02   2.6000000e+01
   1.0800000e+02   1.7500000e+02   2.6000000e+01
   1.0700000e+02   1.7400000e+02   2.6000000e+01
   1.0600000e+02   1.7300000e+02   2.6000000e+01
   1.0600000e+02   1.7200000e+02   2.6000000e+01
   1.0600000e+02   1.7100000e+02   2.6000000e+01
   1.0500000e+02   1.7000000e+02   2.6000000e+01
   1.0400000e+02   1.6900000e+02   2.6000000e+01
   1.8800000e+02   1.8400000e+02   2.7000000e+01
   1.8900000e+02   1.8400000e+02   2.7000000e+01
   1.9000000e+02   1.8500000e+02   2.7000000e+01
   1.9100000e+02   1.8600000e+02   2.7000000e+01
   1.9200000e+02   1.8700000e+02   2.7000000e+01
   1.9300000e+02   1.8800000e+02   2.7000000e+01
   1.9400000e+02   1.8800000e+02   2.7000000e+01
   1.9500000e+02   1.8900000e+02   2.7000000e+01
   1.9600000e+02   1.9000000e+02   2.7000000e+01
   1.9700000e+02   1.9100000e+02   2.7000000e+01
   1.9800000e+02   1.9100000e+02   2.7000000e+01
   8.4000000e+01   2.0400000e+02   2.8000000e+01
   8.3000000e+01   2.0300000e+02   2.8000000e+01
   8.3000000e+01   2.0200000e+02   2.8000000e+01
   8.3000000e+01   2.0100000e+02   2.8000000e+01
   8.2000000e+01   2.0000000e+02   2.8000000e+01
   8.1000000e+01   1.9900000e+02   2.8000000e+01
   8.1000000e+01   1.9800000e+02   2.8000000e+01
   8.0000000e+01   1.9700000e+02   2.8000000e+01
   8.0000000e+01   1.9600000e+02   2.8000000e+01
   7.9000000e+01   1.9500000e+02   2.8000000e+01
   7.9000000e+01   1.9400000e+02   2.8000000e+01
   1.1400000e+02   1.8800000e+02   2.9000000e+01
   1.1400000e+02   1.8900000e+02   2.9000000e+01
   1.1400000e+02   1.9000000e+02   2.9000000e+01
   1.1400000e+02   1.9100000e+02   2.9000000e+01
   1.1500000e+02   1.9200000e+02   2.9000000e+01
   1.1500000e+02   1.9300000e+02   2.9000000e+01
   1.1500000e+02   1.9400000e+02   2.9000000e+01
   1.1600000e+02   1.9500000e+02   2.9000000e+01
   1.1700000e+02   1.9600000e+02   2.9000000e+01
   1.1700000e+02   1.9700000e+02   2.9000000e+01
   1.1700000e+02   1.9800000e+02   2.9000000e+01
   1.2400000e+02   2.0700000e+02   3.0000000e+01
   1.2300000e+02   2.0600000e+02   3.0000000e+01
   1.2200000e+02   2.0500000e+02   3.0000000e+01
   1.2100000e+02   2.0400000e+02   3.0000000e+01
   1.2000000e+02   2.0300000e+02   3.0000000e+01
   1.2000000e+02   2.0200000e+02   3.0000000e+01
   1.1900000e+02   2.0100000e+02   3.0000000e+01
   1.1800000e+02   2.0000000e+02   3.0000000e+01
   1.1800000e+02   1.9900000e+02   3.0000000e+01
   1.1700000e+02   1.9800000e+02   3.0000000e+01
   1.1700000e+02   1.9700000e+02   3.0000000e+01
   1.2400000e+02   1.9200000e+02   3.1000000e+01
   1.2400000e+02   1.9300000e+02   3.1000000e+01
   1.2500000e+02   1.9400000e+02   3.1000000e+01
   1.2600000e+02   1.9500000e+02   3.1000000e+01
   1.2700000e+02   1.9600000e+02   3.1000000e+01
   1.2700000e+02   1.9700000e+02   3.1000000e+01
   1.2800000e+02   1.9800000e+02   3.1000000e+01
   1.2900000e+02   1.9900000e+02   3.1000000e+01
   1.2900000e+02   2.0000000e+02   3.1000000e+01
   1.2900000e+02   2.0100000e+02   3.1000000e+01
   1.3000000e+02   2.0200000e+02   3.1000000e+01
   1.3700000e+02   2.0700000e+02   3.2000000e+01
   1.3600000e+02   2.0700000e+02   3.2000000e+01
   1.3500000e+02   2.0700000e+02   3.2000000e+01
   1.3400000e+02   2.0600000e+02   3.2000000e+01
   1.3400000e+02   2.0500000e+02   3.2000000e+01
   1.3300000e+02   2.0400000e+02   3.2000000e+01
   1.3200000e+02   2.0400000e+02   3.2000000e+01
   1.3100000e+02   2.0300000e+02   3.2000000e+01
   1.3000000e+02   2.0200000e+02   3.2000000e+01
   1.2900000e+02   2.0100000e+02   3.2000000e+01
   1.2900000e+02   2.0000000e+02   3.2000000e+01
   2.2500000e+02   1.3300000e+02   3.3000000e+01
   2.2400000e+02   1.3300000e+02   3.3000000e+01
   2.2300000e+02   1.3200000e+02   3.3000000e+01
   2.2200000e+02   1.3100000e+02   3.3000000e+01
   2.2200000e+02   1.3000000e+02   3.3000000e+01
   2.2100000e+02   1.2900000e+02   3.3000000e+01
   2.2000000e+02   1.2800000e+02   3.3000000e+01
   2.2100000e+02   1.2700000e+02   3.3000000e+01
   2.2100000e+02   1.2600000e+02   3.3000000e+01
   2.2200000e+02   1.2500000e+02   3.3000000e+01
   2.2200000e+02   1.2400000e+02   3.3000000e+01
   2.2700000e+02   1.3300000e+02   3.4000000e+01
   2.2800000e+02   1.3200000e+02   3.4000000e+01
   2.2900000e+02   1.3300000e+02   3.4000000e+01
   2.3000000e+02   1.3200000e+02   3.4000000e+01
   2.3100000e+02   1.3200000e+02   3.4000000e+01
   2.3200000e+02   1.3100000e+02   3.4000000e+01
   2.3300000e+02   1.3200000e+02   3.4000000e+01
   2.3400000e+02   1.3200000e+02   3.4000000e+01
   2.3500000e+02   1.3100000e+02   3.4000000e+01
   2.3600000e+02   1.3100000e+02   3.4000000e+01
   2.3700000e+02   1.3200000e+02   3.4000000e+01
   2.2700000e+02   1.3500000e+02   3.5000000e+01
   2.2800000e+02   1.3600000e+02   3.5000000e+01
   2.2900000e+02   1.3700000e+02   3.5000000e+01
   2.3000000e+02   1.3700000e+02   3.5000000e+01
   2.3100000e+02   1.3700000e+02   3.5000000e+01
   2.3200000e+02   1.3800000e+02   3.5000000e+01
   2.3300000e+02   1.3800000e+02   3.5000000e+01
   2.3400000e+02   1.3900000e+02   3.5000000e+01
   2.3500000e+02   1.3900000e+02   3.5000000e+01
   2.3600000e+02   1.3900000e+02   3.5000000e+01
